Px =  [ 1.        1.029997  1.059976  1.089919  1.119808  1.149625  1.179352  1.208971  1.238464  1.267813  1.297     1.326007  1.354816  1.383409  1.411768  1.439875  1.467712  1.495261  1.522504  1.549423  1.576  1.602217  1.628056  1.653499  1.678528  1.703125  1.727272  1.750951  1.774144  1.796833  1.819     1.840627  1.861696  1.882189  1.902088  1.921375  1.940032  1.958041  1.975384  1.992043  2.008     2.023237  2.037736  2.051479  2.064448  2.076625  2.087992  2.098531  2.108224  2.117053  2.125     2.132047  2.138176  2.143369  2.147608  2.150875  2.153152  2.154421  2.154664  2.153863  2.152     2.149057  2.145016  2.139859  2.133568  2.126125  2.117512  2.107711  2.096704  2.084473  2.071     2.056267  2.040256  2.022949  2.004328  1.984375  1.963072  1.940401  1.916344  1.890883  1.864     1.835677  1.805896  1.774639  1.741888  1.707625  1.671832  1.634491  1.595584  1.555093  1.513  1.469287  1.423936  1.376929  1.328248  1.277875  1.225792  1.171981  1.116424  1.059103  1.      ]
Py =  [ 5.        4.880903  4.763624  4.648181  4.534592  4.422875  4.313048  4.205129  4.099136  3.995087  3.893     3.792893  3.694784  3.598691  3.504632  3.412625  3.322688  3.234839  3.149096  3.065477  2.984  2.904683  2.827544  2.752601  2.679872  2.609375  2.541128  2.475149  2.411456  2.350067  2.291     2.234273  2.179904  2.127911  2.078312  2.031125  1.986368  1.944059  1.904216  1.866857  1.832     1.799663  1.769864  1.742621  1.717952  1.695875  1.676408  1.659569  1.645376  1.633847  1.625     1.618853  1.615424  1.614731  1.616792  1.621625  1.629248  1.639679  1.652936  1.669037  1.688     1.709843  1.734584  1.762241  1.792832  1.826375  1.862888  1.902389  1.944896  1.990427  2.039     2.090633  2.145344  2.203151  2.264072  2.328125  2.395328  2.465699  2.539256  2.616017  2.696     2.779223  2.865704  2.955461  3.048512  3.144875  3.244568  3.347609  3.454016  3.563807  3.677  3.793613  3.913664  4.037171  4.164152  4.294625  4.428608  4.566119  4.707176  4.851797  5.      ]
DPx =  [ 4.      3.9988  3.9952  3.9892  3.9808  3.97    3.9568  3.9412  3.9232  3.9028  3.88    3.8548  3.8272  3.7972  3.7648  3.73    3.6928  3.6532  3.6112  3.5668  3.52    3.4708  3.4192  3.3652  3.3088  3.25    3.1888  3.1252  3.0592  2.9908  2.92    2.8468  2.7712  2.6932  2.6128  2.53  2.4448  2.3572  2.2672  2.1748  2.08    1.9828  1.8832  1.7812  1.6768  1.57    1.4608  1.3492  1.2352  1.1188  1.      0.8788  0.7552  0.6292  0.5008  0.37    0.2368  0.1012 -0.0368 -0.1772 -0.32   -0.4652 -0.6128 -0.7628 -0.9152 -1.07   -1.2272 -1.3868 -1.5488 -1.7132 -1.88   -2.0492 -2.2208 -2.3948 -2.5712 -2.75   -2.9312 -3.1148 -3.3008 -3.4892 -3.68 -3.8732 -4.0688 -4.2668 -4.4672 -4.67   -4.8752 -5.0828 -5.2928 -5.5052 -5.72   -5.9372 -6.1568 -6.3788 -6.6032 -6.83   -7.0592 -7.2908 -7.5248 -7.7612 -8.    ]
DPy =  [-16.     -15.7588 -15.5152 -15.2692 -15.0208 -14.77   -14.5168 -14.2612 -14.0032 -13.7428 -13.48   -13.2148 -12.9472 -12.6772 -12.4048 -12.13 -11.8528 -11.5732 -11.2912 -11.0068 -10.72   -10.4308 -10.1392  -9.8452  -9.5488  -9.25    -8.9488  -8.6452  -8.3392  -8.0308  -7.72    -7.4068  -7.0912  -6.7732  -6.4528  -6.13    -5.8048  -5.4772  -5.1472  -4.8148  -4.48    -4.1428  -3.8032  -3.4612  -3.1168  -2.77    -2.4208  -2.0692  -1.7152  -1.3588  -1.      -0.6388  -0.2752   0.0908   0.4592   0.83   1.2032   1.5788   1.9568   2.3372   2.72     3.1052   3.4928   3.8828   4.2752   4.67     5.0672   5.4668   5.8688   6.2732   6.68     7.0892   7.5008   7.9148   8.3312   8.75     9.1712   9.5948  10.0208  10.4492  10.88    11.3132  11.7488  12.1868  12.6272  13.07    13.5152  13.9628  14.4128  14.8652  15.32    15.7772  16.2368  16.6988  17.1632  17.63  18.0992  18.5708  19.0448  19.5212  20.    ]
